8.77966
-8.12292
8.80948
-0.989929
-1.29254
-8.99355
0.872571
1.05559
16.086
13.1248
-21.0844
8.2812
-3.14428
0.204594
19.6045
-0.217772
-26.5761
-26.5917
26.6407
26.704
-12.6909
20.2239
-7.6433
-13.3363
-9.25587
-8.18288
16.7009
-17.8507
41.4238
-36.9571
-0.145307
-4.4437
9.33915
6.88667
7.40658
-2.95798
3.57367
9.667
-6.95335
-12.6247
5.35227
-1.60802
-0.900432
-5.09906
-17.942
-4.65661
10.1143
2.42982
8.09089
-2.06004
-7.8448
-9.52816
6.07815
0.992374
6.01053
0.579096
-10.3774
-0.864414
-16.7001
-1.40543
-0.194675
0.0105302
6.37256
8.59632
-8.45698
-16.2968
5.87154
1.35765
4.02756
-10.1799
-6.36448
-7.09819
0.0257479
-2.72466
-1.32544
9.11583
-4.27821
9.16999
-0.434116
-2.78633
4.2165
-10.0574
-0.308718
-6.28033
6.17835
-9.27954
1.87406
7.18152
-8.89745
4.82557
1.12149
-6.95927
1.08919
-6.21953
-10.6147
-0.974161
-10.7174
13.0373
15.6213
7.50774
-11.0899
-16.645
1.04409
13.1793
-10.1381
5.99579
1.56463
-18.6613
17.8402
-3.06927
-4.02681
-8.7991
