0 0 224 288
224 0 224 288
448 0 224 288
672 0 224 288
0 288 224 288
224 288 224 288
0 576 224 288
448 288 224 288
224 576 224 288
672 288 224 288
448 576 224 288
672 576 224 288
896 0 224 288
1120 0 224 288
896 288 224 288
1344 0 224 288
1120 288 224 288
896 576 224 288
1568 0 224 288
1344 288 224 288
1120 576 224 288
1792 0 224 288
1568 288 224 288
1344 576 224 288
1792 288 224 288
1568 576 224 288
1792 576 224 288
0 864 224 288
224 864 224 288
0 1152 224 288
448 864 224 288
224 1152 224 288
0 1440 224 288
672 864 224 288
448 1152 224 288
224 1440 224 288
0 1728 224 288
896 864 224 288
672 1152 224 288
448 1440 224 288
224 1728 224 288
1120 864 224 288
896 1152 224 288
672 1440 224 288
448 1728 224 288
1344 864 224 288
1120 1152 224 288
896 1440 224 288
672 1728 224 288
1568 864 224 288
1344 1152 224 288
1120 1440 224 288
896 1728 224 288
1792 864 224 288
1568 1152 224 288
1344 1440 224 288
1120 1728 224 288
1792 1152 224 288
1568 1440 224 288
1344 1728 224 288
1792 1440 224 288
1568 1728 224 288
1792 1728 224 288
2016 0 224 288
2240 0 224 288
2016 288 224 288
2464 0 224 288
2240 288 224 288
2016 576 224 288
2688 0 224 288
2464 288 224 288
2240 576 224 288
2016 864 224 288
2912 0 224 288
2688 288 224 288
2464 576 224 288
2240 864 224 288
3136 0 224 288
2016 1152 224 288
2912 288 224 288
2688 576 224 288
2464 864 224 288
3360 0 224 288
2240 1152 224 288
3136 288 224 288
2016 1440 224 288
2912 576 224 288
2688 864 224 288
3584 0 224 288
2464 1152 224 288
3360 288 224 288
2240 1440 224 288
3136 576 224 288
2016 1728 224 288
2912 864 224 288
2688 1152 224 288
3584 288 224 288
2464 1440 224 288
3360 576 224 288
2240 1728 224 288
3136 864 224 288
2912 1152 224 288
2688 1440 224 288
3584 576 224 288
2464 1728 224 288
3360 864 224 288
3136 1152 224 288
2912 1440 224 288
2688 1728 224 288
3584 864 224 288
3360 1152 224 288
3136 1440 224 288
2912 1728 224 288
3584 1152 224 288
3360 1440 224 288
3136 1728 224 288
3584 1440 224 288
3360 1728 224 288
3584 1728 224 288
0 2016 224 288
224 2016 224 288
448 2016 224 288
672 2016 224 288
896 2016 224 288
1120 2016 224 288
1344 2016 224 288
1568 2016 224 288
1792 2016 224 288
2016 2016 224 288
2240 2016 224 288
