0 0 224 85
0 85 224 85
0 170 224 85
224 0 224 85
224 85 224 85
224 170 224 85
0 255 224 85
0 340 224 85
0 425 224 85
224 255 224 85
224 340 224 85
224 425 224 85
448 0 224 85
448 85 224 85
448 170 224 85
672 0 224 85
448 255 224 85
672 85 224 85
448 340 224 85
672 170 224 85
448 425 224 85
672 255 224 85
672 340 224 85
672 425 224 85
0 510 224 85
0 595 224 85
0 680 224 85
224 510 224 85
0 765 224 85
224 595 224 85
0 850 224 85
224 680 224 85
448 510 224 85
224 765 224 85
448 595 224 85
224 850 224 85
448 680 224 85
672 510 224 85
448 765 224 85
672 595 224 85
448 850 224 85
672 680 224 85
672 765 224 85
672 850 224 85
896 0 224 85
896 85 224 85
896 170 224 85
1120 0 224 85
896 255 224 85
1120 85 224 85
896 340 224 85
1120 170 224 85
896 425 224 85
1344 0 224 85
1120 255 224 85
896 510 224 85
1344 85 224 85
1120 340 224 85
896 595 224 85
1344 170 224 85
1120 425 224 85
1568 0 224 85
896 680 224 85
1344 255 224 85
1120 510 224 85
1568 85 224 85
896 765 224 85
1344 340 224 85
1120 595 224 85
1568 170 224 85
896 850 224 85
1344 425 224 85
1792 0 224 85
1120 680 224 85
1568 255 224 85
1344 510 224 85
1792 85 224 85
1120 765 224 85
1568 340 224 85
